[gd_scene load_steps=29 format=3 uid="uid://dctuhlahxi7y6"]

[ext_resource type="Script" path="res://scripts/state/dino-states/vraptor-states/player_vraptor_persistent_state.gd" id="1_bh7yl"]

[sub_resource type="CapsuleShape3D" id="CapsuleShape3D_edq6b"]
radius = 0.375
height = 0.850365

[sub_resource type="CylinderMesh" id="CylinderMesh_jn3ia"]
top_radius = 0.1
bottom_radius = 0.09
height = 0.45

[sub_resource type="SphereMesh" id="SphereMesh_d7082"]
radius = 0.09
height = 0.2
radial_segments = 5
rings = 2

[sub_resource type="CapsuleMesh" id="CapsuleMesh_bijq0"]
radius = 0.07
height = 0.3
radial_segments = 6
rings = 1

[sub_resource type="SphereMesh" id="SphereMesh_p3rnd"]
radius = 0.07
height = 0.14
radial_segments = 6
rings = 2

[sub_resource type="CapsuleMesh" id="CapsuleMesh_0hn88"]
radius = 0.06
height = 0.3
radial_segments = 6
rings = 1

[sub_resource type="SphereMesh" id="SphereMesh_scibu"]
radius = 0.05
height = 0.1
radial_segments = 6
rings = 2

[sub_resource type="CylinderMesh" id="CylinderMesh_q6k1j"]
top_radius = 0.05
bottom_radius = 0.07
height = 0.06
radial_segments = 6
rings = 2

[sub_resource type="SphereMesh" id="SphereMesh_scfp1"]
radius = 0.06
height = 0.14
radial_segments = 5
rings = 2

[sub_resource type="CapsuleMesh" id="CapsuleMesh_8x88f"]
radius = 0.08
height = 0.3
radial_segments = 6
rings = 1

[sub_resource type="SphereMesh" id="SphereMesh_ynmfk"]
radius = 0.08
height = 0.14
radial_segments = 6
rings = 2

[sub_resource type="CapsuleMesh" id="CapsuleMesh_nifov"]
radius = 0.06
height = 0.3
radial_segments = 6
rings = 1

[sub_resource type="SphereMesh" id="SphereMesh_5ogn5"]
radius = 0.06
height = 0.12
radial_segments = 6
rings = 2

[sub_resource type="CylinderMesh" id="CylinderMesh_ycr0q"]
top_radius = 0.05
bottom_radius = 0.12
height = 0.06
radial_segments = 8
rings = 2

[sub_resource type="CapsuleMesh" id="CapsuleMesh_0ut1a"]
radius = 0.07
height = 0.215
radial_segments = 5
rings = 1

[sub_resource type="StandardMaterial3D" id="StandardMaterial3D_4si6q"]

[sub_resource type="PrismMesh" id="PrismMesh_xtuvq"]
material = SubResource("StandardMaterial3D_4si6q")
size = Vector3(0.15, 0.3, 0.1)

[sub_resource type="CylinderMesh" id="CylinderMesh_lxbi8"]
top_radius = 0.0
bottom_radius = 0.1
height = 1.0

[sub_resource type="Animation" id="Animation_vrsqv"]
length = 0.001

[sub_resource type="Animation" id="Animation_vysn6"]
resource_name = "crouch"

[sub_resource type="Animation" id="Animation_rehxu"]
resource_name = "fall"

[sub_resource type="Animation" id="Animation_ei50w"]
resource_name = "idle"

[sub_resource type="Animation" id="Animation_mnb7q"]
resource_name = "jump"

[sub_resource type="Animation" id="Animation_jq1oa"]
resource_name = "run"
length = 1.6
loop_mode = 1

[sub_resource type="Animation" id="Animation_cq4wc"]
resource_name = "sneak"
length = 1.5
loop_mode = 1

[sub_resource type="Animation" id="Animation_prwmk"]
resource_name = "walk"
length = 1.6
loop_mode = 1

[sub_resource type="AnimationLibrary" id="AnimationLibrary_i14f5"]
_data = {
"RESET": SubResource("Animation_vrsqv"),
"crouch": SubResource("Animation_vysn6"),
"fall": SubResource("Animation_rehxu"),
"idle": SubResource("Animation_ei50w"),
"jump": SubResource("Animation_mnb7q"),
"run": SubResource("Animation_jq1oa"),
"sneak": SubResource("Animation_cq4wc"),
"walk": SubResource("Animation_prwmk")
}

[node name="Vraptor" type="CharacterBody3D"]
wall_min_slide_angle = 0.0
script = ExtResource("1_bh7yl")

[node name="CanvasLayer" type="CanvasLayer" parent="."]

[node name="Control" type="Control" parent="CanvasLayer"]
layout_mode = 3
anchors_preset = 8
anchor_left = 0.5
anchor_top = 0.5
anchor_right = 0.5
anchor_bottom = 0.5
offset_left = -20.0
offset_top = -20.0
offset_right = 20.0
offset_bottom = 20.0
grow_horizontal = 2
grow_vertical = 2
mouse_filter = 2

[node name="StateLog" type="Label" parent="CanvasLayer/Control"]
layout_mode = 1
anchors_preset = 8
anchor_left = 0.5
anchor_top = 0.5
anchor_right = 0.5
anchor_bottom = 0.5
offset_left = -20.0
offset_top = -20.0
offset_right = -19.0
offset_bottom = 3.0
grow_horizontal = 2
grow_vertical = 2
size_flags_horizontal = 3
size_flags_vertical = 6
horizontal_alignment = 2

[node name="BodyCollision" type="CollisionShape3D" parent="."]
transform = Transform3D(1, 0, 0, 0, 1, 0, 0, 0, 1, 0, -0.017, 0.074)
shape = SubResource("CapsuleShape3D_edq6b")

[node name="FullBody" type="Node3D" parent="."]

[node name="Camera" type="Node3D" parent="FullBody"]
transform = Transform3D(1, 0, 0, 0, 1, 0, 0, 0, 1, 0.002, 0.478, 0)

[node name="Camera3D" type="Camera3D" parent="FullBody/Camera"]
transform = Transform3D(0.909091, 0, 0, 0, 0.887788, 0.195648, 0, -0.195648, 0.887788, 0.364866, 0.33564, 1.4342)
near = 0.2
far = 2000.0

[node name="RayCast3D" type="RayCast3D" parent="FullBody/Camera"]
target_position = Vector3(0, 0, 0)

[node name="Body" type="Node3D" parent="FullBody"]

[node name="TorsoMesh" type="MeshInstance3D" parent="FullBody/Body"]
transform = Transform3D(1, 0, 0, 0, 0.240228, 0.970717, 0, -0.970717, 0.240228, 0, 0.1, 0)
mesh = SubResource("CylinderMesh_jn3ia")
skeleton = NodePath("../..")

[node name="ShoulderJointR" type="MeshInstance3D" parent="FullBody/Body/TorsoMesh"]
transform = Transform3D(0.5, 0, 0, 0, 0.12941, -0.482963, 0, 0.482963, 0.12941, 0.1, 0.08, -0.052)
mesh = SubResource("SphereMesh_d7082")

[node name="UpperArmR" type="MeshInstance3D" parent="FullBody/Body/TorsoMesh/ShoulderJointR"]
transform = Transform3D(0.942859, -0.331869, 0.0296658, 0.320165, 0.927052, 0.195122, -0.0922567, -0.174475, 0.980331, 0.0351533, -0.103266, 0.0164935)
mesh = SubResource("CapsuleMesh_bijq0")

[node name="ElbowJointR" type="MeshInstance3D" parent="FullBody/Body/TorsoMesh/ShoulderJointR/UpperArmR"]
transform = Transform3D(1, 0, 0, 0, -4.37114e-08, -1, 0, 1, -4.37114e-08, 0.00158042, -0.116199, -0.000849456)
mesh = SubResource("SphereMesh_p3rnd")

[node name="ForearmR" type="MeshInstance3D" parent="FullBody/Body/TorsoMesh/ShoulderJointR/UpperArmR/ElbowJointR"]
transform = Transform3D(0.997565, 0.0697566, -1.49012e-08, -0.0633233, 0.905568, -0.419453, -0.0292595, 0.418431, 0.907779, -0.00799721, -0.12561, -0.0540699)
mesh = SubResource("CapsuleMesh_0hn88")

[node name="WristJointR" type="MeshInstance3D" parent="FullBody/Body/TorsoMesh/ShoulderJointR/UpperArmR/ElbowJointR/ForearmR"]
transform = Transform3D(1, -1.67638e-08, 1.63913e-07, -6.51926e-08, 1, 4.47035e-08, 2.98023e-08, 0, 1, 0.00125249, -0.113329, -0.00282139)
mesh = SubResource("SphereMesh_scibu")

[node name="HandR" type="MeshInstance3D" parent="FullBody/Body/TorsoMesh/ShoulderJointR/UpperArmR/ElbowJointR/ForearmR/WristJointR"]
transform = Transform3D(0.0174525, 0.999848, 1.78814e-07, -0.999847, 0.0174524, 1.19209e-07, 5.96046e-08, 1.3411e-07, 1, 0.00516593, -0.0400505, -0.00206783)
mesh = SubResource("CylinderMesh_q6k1j")

[node name="ShoulderJointL" type="MeshInstance3D" parent="FullBody/Body/TorsoMesh"]
transform = Transform3D(-0.5, 0, 0, 0, 0.12941, -0.482963, 0, 0.482963, 0.12941, -0.1, 0.081, -0.051)
mesh = SubResource("SphereMesh_d7082")

[node name="UpperArmR" type="MeshInstance3D" parent="FullBody/Body/TorsoMesh/ShoulderJointL"]
transform = Transform3D(0.942859, -0.331869, 0.0296658, 0.320165, 0.927052, 0.195122, -0.0922567, -0.174475, 0.980331, 0.0351533, -0.103266, 0.0164935)
mesh = SubResource("CapsuleMesh_bijq0")

[node name="ElbowJointR" type="MeshInstance3D" parent="FullBody/Body/TorsoMesh/ShoulderJointL/UpperArmR"]
transform = Transform3D(1, 0, 0, 0, -4.37114e-08, -1, 0, 1, -4.37114e-08, 0.00158042, -0.116199, -0.000849485)
mesh = SubResource("SphereMesh_p3rnd")

[node name="ForearmR" type="MeshInstance3D" parent="FullBody/Body/TorsoMesh/ShoulderJointL/UpperArmR/ElbowJointR"]
transform = Transform3D(0.997565, 0.0697566, -1.49012e-08, -0.0633233, 0.905568, -0.419453, -0.0292595, 0.418431, 0.907779, -0.00799721, -0.12561, -0.0540699)
mesh = SubResource("CapsuleMesh_0hn88")

[node name="WristJointR" type="MeshInstance3D" parent="FullBody/Body/TorsoMesh/ShoulderJointL/UpperArmR/ElbowJointR/ForearmR"]
transform = Transform3D(1, 0, 0, 0, 0.965926, -0.258819, 0, 0.258819, 0.965926, 0.00125249, -0.113329, -0.00282139)
mesh = SubResource("SphereMesh_scibu")

[node name="HandR" type="MeshInstance3D" parent="FullBody/Body/TorsoMesh/ShoulderJointL/UpperArmR/ElbowJointR/ForearmR/WristJointR"]
transform = Transform3D(0.0174525, 0.999848, 1.78814e-07, -0.999847, 0.0174524, 1.19209e-07, 5.96046e-08, 1.3411e-07, 1, 0.00516593, -0.0400505, -0.00206783)
mesh = SubResource("CylinderMesh_q6k1j")

[node name="HipJointR" type="MeshInstance3D" parent="FullBody/Body/TorsoMesh"]
transform = Transform3D(0.984882, -0.171535, 0.0241672, -0.00606023, -0.173542, -0.984808, 0.173123, 0.969773, -0.171958, 0.0708899, -0.208504, -0.0182521)
mesh = SubResource("SphereMesh_scfp1")

[node name="UpperArmR" type="MeshInstance3D" parent="FullBody/Body/TorsoMesh/HipJointR"]
transform = Transform3D(1, 0, 0, 0, 0.983573, -0.180519, 0, 0.18052, 0.983572, 0.00226121, -0.100783, -0.0118961)
mesh = SubResource("CapsuleMesh_8x88f")

[node name="ElbowJointR" type="MeshInstance3D" parent="FullBody/Body/TorsoMesh/HipJointR/UpperArmR"]
transform = Transform3D(1, 0, 0, 0, 0.766045, 0.642788, 0, -0.642788, 0.766045, 0.00158042, -0.116199, -0.000849456)
mesh = SubResource("SphereMesh_ynmfk")

[node name="ForearmR" type="MeshInstance3D" parent="FullBody/Body/TorsoMesh/HipJointR/UpperArmR/ElbowJointR"]
transform = Transform3D(1, -3.25963e-09, 0, 3.72529e-09, 0.990025, 0.140901, -2.98023e-08, -0.140901, 0.990025, -0.000818416, -0.117781, 0.0287544)
mesh = SubResource("CapsuleMesh_nifov")

[node name="WristJointR" type="MeshInstance3D" parent="FullBody/Body/TorsoMesh/HipJointR/UpperArmR/ElbowJointR/ForearmR"]
transform = Transform3D(0.999391, 0.0348995, 0, -0.0337103, 0.965338, -0.258819, -0.00903265, 0.258661, 0.965926, 0.00125249, -0.113329, -0.00282142)
mesh = SubResource("SphereMesh_5ogn5")

[node name="HandR" type="MeshInstance3D" parent="FullBody/Body/TorsoMesh/HipJointR/UpperArmR/ElbowJointR/ForearmR/WristJointR"]
transform = Transform3D(0.5, -4.65661e-10, 0, -9.31323e-10, 1, -3.35276e-08, 0, -7.45058e-09, 1, 0.005, -0.022, -0.03)
mesh = SubResource("CylinderMesh_ycr0q")

[node name="HipJointL" type="MeshInstance3D" parent="FullBody/Body/TorsoMesh"]
transform = Transform3D(-0.984882, 0.171535, -0.0241672, -0.00606023, -0.173542, -0.984808, 0.173123, 0.969773, -0.171958, -0.071, -0.209, -0.018)
mesh = SubResource("SphereMesh_scfp1")

[node name="UpperArmR" type="MeshInstance3D" parent="FullBody/Body/TorsoMesh/HipJointL"]
transform = Transform3D(1, 0, 0, 0, 0.983573, -0.180519, 0, 0.18052, 0.983572, 0.00226121, -0.100783, -0.0118961)
mesh = SubResource("CapsuleMesh_8x88f")

[node name="ElbowJointR" type="MeshInstance3D" parent="FullBody/Body/TorsoMesh/HipJointL/UpperArmR"]
transform = Transform3D(1, 0, 0, 0, 0.766045, 0.642788, 0, -0.642788, 0.766045, 0.00158042, -0.116199, -0.000849456)
mesh = SubResource("SphereMesh_ynmfk")

[node name="ForearmR" type="MeshInstance3D" parent="FullBody/Body/TorsoMesh/HipJointL/UpperArmR/ElbowJointR"]
transform = Transform3D(1, 2.88658e-15, 1.77636e-14, 1.33227e-15, 0.990025, 0.140901, 8.88178e-15, -0.140901, 0.990025, -0.000818416, -0.117781, 0.0287544)
mesh = SubResource("CapsuleMesh_nifov")

[node name="WristJointR" type="MeshInstance3D" parent="FullBody/Body/TorsoMesh/HipJointL/UpperArmR/ElbowJointR/ForearmR"]
transform = Transform3D(1, 8.8346e-09, -4.4561e-09, -9.74772e-09, 0.95694, -0.290285, 1.69967e-09, 0.290285, 0.95694, 0.00125249, -0.113329, -0.00282142)
mesh = SubResource("SphereMesh_5ogn5")

[node name="HandR" type="MeshInstance3D" parent="FullBody/Body/TorsoMesh/HipJointL/UpperArmR/ElbowJointR/ForearmR/WristJointR"]
transform = Transform3D(0.499695, -0.0348995, 0, 0.0174497, 0.999391, 0, 0, 0, 1, 0.005, -0.022, -0.03)
mesh = SubResource("CylinderMesh_ycr0q")

[node name="Neck" type="MeshInstance3D" parent="FullBody/Body/TorsoMesh"]
transform = Transform3D(1, 0, 0, 0, 0.993572, 0.113203, 0, -0.113203, 0.993572, 0, 0.239591, 0.000329949)
mesh = SubResource("CapsuleMesh_0ut1a")

[node name="BaseOfHead" type="Node3D" parent="FullBody/Body/TorsoMesh/Neck"]
transform = Transform3D(1, 0, 0, 0, 1, -7.45058e-08, 0, 7.45058e-08, 1, 0, 0.00498104, 0.0278259)

[node name="Head" type="MeshInstance3D" parent="FullBody/Body/TorsoMesh/Neck/BaseOfHead"]
transform = Transform3D(-4.37114e-08, -7.05861e-23, 0.999998, -0.312981, 0.949758, -1.36808e-08, -0.949759, -0.312981, -4.15153e-08, 0, 0.198408, -0.0411189)
mesh = SubResource("PrismMesh_xtuvq")
skeleton = NodePath("../../..")

[node name="MeshInstance3D" type="MeshInstance3D" parent="FullBody/Body/TorsoMesh"]
transform = Transform3D(1, 0, 0, 0, -0.947115, -0.320894, 0, 0.320894, -0.947115, 0, -0.663452, 0.134635)
mesh = SubResource("CylinderMesh_lxbi8")

[node name="AnimationPlayer" type="AnimationPlayer" parent="."]
libraries = {
"": SubResource("AnimationLibrary_i14f5")
}
playback_default_blend_time = 0.3
